//7.10.2015
102, 64, 16, 62, 59, 32, 91, 69, 48, 36, 159, 144, 
//7.12.2015
142, 103, 162, 14, 211, 150, 42, 163, 46, 47, 8, 100, 39, 49, 216, 221
//7.13.2015
164, 191, 143, 97, 121,122， 123
//7.14.2015
152, 25, 203, 190,207, 51, 52, 141
//7/15.2015
17, 93, 41, 228, 77, 225, 234, 4, 102, 106, 70, 167, 149, 137, 136, 135, 11, 169,
96, 114, 90， 118
//7.16.2015
23, 89, 99, 170, 139, 140, 79, 72, 49,75, 50
//7.17.2015
2,13, 54, 43
//7.18.2015
76, 128, 84
//7.19.2015
10,215,33, 189, 145, 144, 174, 93, 189, 186, 140, 139, 96,200
//7.20.2015
10, 27
//7.21.2015
155, 212, 157,158, 159,113, 67
//7.22.2015
35, 17, 205, 2, 121, 168, 120, 23, 139, 142, 111, 21, 81, 33,31, 30, 162,
158, 28， 128, 137, 216
//7.23.2015
171, 122, 189
//7.24.2015
43, 97, 66
